local Players = game:GetService("Players")
local UserInputService = game:GetService("UserInputService")

local player = Players.LocalPlayer
local teleporting = false
local originalPosition = nil
local teleportIndex = 1
local toggleKey = Enum.KeyCode.G

-- Define 5 teleport locations
local teleportLocations = {
    Vector3.new(95.291832, 35692.9922, 54.7701225, -0.492406368, 0.586809278, -0.642799258, -0.766036391, -0.642797232, 2.74181366e-06, -0.413187981, 0.492408991, 0.766034663),
	Vector3.new(134.895706, 275.877899, 334.667023, -8.22544098e-06, -0.642762423, 0.766065776, -1.00000012, 7.9870224e-06, -3.75509262e-06, -3.75509262e-06, -0.766065776, -0.642762542),
    Vector3.new(14.0961304, 50158.1367, -42.8878059, -1.54972076e-06, 0.422563195, -0.906333447, -1, -1.54972076e-06, 9.83476639e-07, -9.83476639e-07, 0.906333447, 0.422563195),
	Vector3.new(125.191315, 1021.06775, -78.7982101, -1.4424324e-05, -0.707153797, -0.70705986, -1, 1.4424324e-05, 5.9902668e-06, 5.9902668e-06, 0.70705986, -0.707153797),
	Vector3.new(-38.9288559, 917.738098, 82.4970779, -5.96046448e-07, 0.0871878564, -0.996191859, -1, -5.96046448e-07, 5.66244125e-07, -5.66244125e-07, 0.996191859, 0.0871878266),
    Vector3.new(-88.6697235, 164.467438, 309.120941, -1.54972076e-06, 0.422563195, -0.906333447, -1, -1.54972076e-06, 9.83476639e-07, -9.83476639e-07, 0.906333447, 0.422563195),
	Vector3.new(512.607849, 199.667419, 208.869644, 5.96046448e-07, 0.0871878564, -0.996191859, -1, 5.96046448e-07, -5.66244125e-07, 5.66244125e-07, 0.996191859, 0.0871878266),
	Vector3.new(71.4804688, 178.271606, -239.87149, 1.2755394e-05, 0.965938866, 0.258770198, -0.99999994, 1.2755394e-05, 1.66893005e-06, -1.66893005e-06, -0.258770198, 0.965938926),
    Vector3.new(87.0445404, 1256.86658, -42.9500504, -3.03983688e-05, -0.765987337, 0.642855704, -1, 3.02791595e-05, -1.10268593e-05, -1.10268593e-05, -0.642855704, -0.765987396),
	Vector3.new(14.0961304, 11034.916, -42.8878059, -1.54972076e-06, 0.422563195, -0.906333447, -1, -1.54972076e-06, 9.83476639e-07, -9.83476639e-07, 0.906333447, 0.422563195),
	Vector3.new(292.421661, 165.367142, 55.9344368, 6.37769699e-06, -0.173615277, 0.984813631, -1, -6.43730164e-06, 5.42402267e-06, 5.42402267e-06, -0.984813631, -0.173615336),
    Vector3.new(46.2411652, 5014.76807, -39.0360794, 4.94718552e-05, -0.819112599, 0.573632717, -0.99999994, -4.94718552e-05, 1.55866146e-05, 1.55866146e-05, -0.573632717, -0.819112539),
	Vector3.new(-18.475605, 374.067261, 89.5065994, -5.96046448e-07, 0.0871878564, 0.996191859, -1, -5.96046448e-07, -5.66244125e-07, 5.66244125e-07, -0.996191859, 0.0871878266),
    Vector3.new(316.561188, 697.966614, -5.9420557, 1.4424324e-05, -0.707153797, -0.70705986, -1, -1.4424324e-05, -5.9902668e-06, -5.9902668e-06, 0.70705986, -0.707153797),
	Vector3.new(202.52066, 99.8716125, 276.497833, -2.06232071e-05, 0.86604017, -0.499974549, -1.00000012, -2.06232071e-05, 5.49852848e-06, -5.49852848e-06, 0.499974549, 0.866040111),
	Vector3.new(95.291832, 10258.9512, 54.7701225, -0.492406368, 0.586809278, -0.642799258, -0.766036391, -0.642797232, 2.74181366e-06, -0.413187981, 0.492408991, 0.766034663),
    Vector3.new(144.436646, 615.638367, 90.4955902, 8.10623169e-06, 0.642762303, -0.766065598, -1, 8.10623169e-06, -3.78489494e-06, 3.78489494e-06, 0.766065598, 0.642762303),
	Vector3.new(14.0961304, 2992.76782, -42.8878059, -1.54972076e-06, 0.422563195, -0.906333447, -1, -1.54972076e-06, 9.83476639e-07, -9.83476639e-07, 0.906333447, 0.422563195),
    Vector3.new(45.1864967, 3381.8689, -32.5351486, 4.76837158e-05, 0.996190667, -0.0872024298, -1, 4.76837158e-05, -2.08243728e-06, 2.08243728e-06, 0.0872024298, 0.996190608),
	Vector3.new(95.291832, 55970.1016, 54.7701225, -0.492406368, 0.586809278, -0.642799258, -0.766036391, -0.642797232, 2.74181366e-06, -0.413187981, 0.492408991, 0.766034663),
	Vector3.new(81.7271423, 4680.55225, 11.8231936, 0.211323619, -0.365947723, 0.906324744, -0.866030097, -0.499992013, 4.60147858e-05, 0.453138202, -0.784914255, -0.422581911),
    Vector3.new(325.30835, 218.066589, -95.011528, -4.26769257e-05, -0.906304121, 0.422626197, -1, 4.2617321e-05, -9.46223736e-06, -9.46223736e-06, -0.422626197, -0.906304121),
	Vector3.new(175.43782, 362.977905, -15.9754868, 6.37769699e-06, -0.173615277, 0.984813631, -1, -6.43730164e-06, 5.42402267e-06, 5.42402267e-06, -0.984813631, -0.173615336),
	Vector3.new(14.0961304, 7205.86523, -42.8878059, -1.54972076e-06, 0.422563195, -0.906333447, -1, -1.54972076e-06, 9.83476639e-07, -9.83476639e-07, 0.906333447, 0.422563195),
    Vector3.new(95.291832, 6429.89893, 54.7701225, -0.492406368, 0.586809278, -0.642799258, -0.766036391, -0.642797232, 2.74181366e-06, -0.413187981, 0.492408991, 0.766034663),
	Vector3.new(42.6795883, 7728.46338, -63.5291214, -2.07424164e-05, 0.57355696, 0.819165647, -0.99999994, -2.07424164e-05, -1.07884407e-05, 1.07884407e-05, -0.819165647, 0.573557019),
    Vector3.new(180.902344, 88315.5078, 208.834473, -0.650471807, 0.753445983, 0.0959471241, -0.715693116, -0.5657233, -0.409561485, -0.254302919, -0.335076839, 0.907222986),
	Vector3.new(61.6522903, 89080.4453, -153.9375, -0.490712881, 0.101005882, -0.865447164, -0.809290886, 0.315226436, 0.495661914, 0.322876573, 0.943626106, -0.0729426146),
	Vector3.new(142.259888, 89445.4922, -124.279144, -0.49565649, 0.864970684, 0.0784255639, -0.868302107, -0.491491795, -0.0669886321, -0.0193976928, -0.101300418, 0.994666755),
    Vector3.new(-403.163086, 89861.8203, -59.8417969, -0.492385864, 0.772797167, 0.400425702, -0.766035378, -0.166358471, -0.620898187, -0.413214177, -0.612461746, 0.673902512),
	Vector3.new(393.320801, 90871.0703, -388.765381, -0.353558183, 0.671610475, -0.651103616, -0.866014719, -0.49811852, -0.0435492396, -0.353574842, 0.548468173, 0.757738411),
	Vector3.new(180.759766, 90639.4766, -109.311035, -0.254862189, 0.951260924, -0.17363137, -0.965931892, -0.258796453, -1.97589397e-05, -0.044953987, 0.167711034, 0.98481071),
    Vector3.new(42.6795883, 50902.9492, -63.5291214, -2.07424164e-05, 0.57355696, 0.819165647, -0.99999994, -2.07424164e-05, -1.07884407e-05, 1.07884407e-05, -0.819165647, 0.573557019),
	Vector3.new(-8.76219559, 5575.76904, 224.840973, 1.54972076e-06, 0.422563195, -0.906333447, -1, 1.54972076e-06, -9.83476639e-07, 9.83476639e-07, 0.906333447, 0.422563195),
    Vector3.new(14.0961304, 43560.9297, -42.8878059, -1.54972076e-06, 0.422563195, -0.906333447, -1, -1.54972076e-06, 9.83476639e-07, -9.83476639e-07, 0.906333447, 0.422563195),
	Vector3.new(95.291832, 42385.9766, 54.7701225, -0.492406368, 0.586809278, -0.642799258, -0.766036391, -0.642797232, 2.74181366e-06, -0.413187981, 0.492408991, 0.766034663),
	Vector3.new(42.6795883, 44305.7422, -63.5291214, -2.07424164e-05, 0.57355696, 0.819165647, -0.99999994, -2.07424164e-05, -1.07884407e-05, 1.07884407e-05, -0.819165647, 0.573557019),
    Vector3.new(42.6795883, 37612.7578, -63.5291214, -2.07424164e-05, 0.57355696, 0.819165647, -0.99999994, -2.07424164e-05, -1.07884407e-05, 1.07884407e-05, -0.819165647, 0.573557019),
	Vector3.new(14.0961304, 36867.9453, -42.8878059, -1.54972076e-06, 0.422563195, -0.906333447, -1, -1.54972076e-06, 9.83476639e-07, -9.83476639e-07, 0.906333447, 0.422563195),
	Vector3.new(14.0961304, 30857.9062, -42.8878059, -1.54972076e-06, 0.422563195, -0.906333447, -1, -1.54972076e-06, 9.83476639e-07, -9.83476639e-07, 0.906333447, 0.422563195),
    Vector3.new(95.291832, 29682.9473, 54.7701225, -0.492406368, 0.586809278, -0.642799258, -0.766036391, -0.642797232, 2.74181366e-06, -0.413187981, 0.492408991, 0.766034663),
	Vector3.new(42.6795883, 31602.7188, -63.5291214, -2.07424164e-05, 0.57355696, 0.819165647, -0.99999994, -2.07424164e-05, -1.07884407e-05, 1.07884407e-05, -0.819165647, 0.573557019),
    Vector3.new(14.0961304, 15607.0127, -42.8878059, -1.54972076e-06, 0.422563195, -0.906333447, -1, -1.54972076e-06, 9.83476639e-07, -9.83476639e-07, 0.906333447, 0.422563195),
	Vector3.new(95.291832, 14831.0459, 54.7701225, -0.492406368, 0.586809278, -0.642799258, -0.766036391, -0.642797232, 2.74181366e-06, -0.413187981, 0.492408991, 0.766034663),
	Vector3.new(42.6795883, 16129.6123, -63.5291214, -2.07424164e-05, 0.57355696, 0.819165647, -0.99999994, -2.07424164e-05, -1.07884407e-05, 1.07884407e-05, -0.819165647, 0.573557019),
    Vector3.new(29.1502953, 12059.6699, 183.003876, -2.05039978e-05, -0.499938965, 0.866060615, -1, 2.05039978e-05, -1.18613243e-05, -1.18613243e-05, -0.866060615, -0.499938965),
	Vector3.new(45.1864967, 12118.3701, -32.5351486, 4.76837158e-05, 0.996190667, -0.0872024298, -1, 4.76837158e-05, -2.08243728e-06, 2.08243728e-06, 0.0872024298, 0.996190608),
	Vector3.new(-14.3601589, 13214.7197, -120.564476, 0.469896317, -0.671024799, -0.573518157, -0.819144368, -0.573587418, -3.7625432e-05, -0.328937531, 0.469811857, -0.819192886),
    Vector3.new(42.6795883, 11557.5156, -63.5291214, -2.07424164e-05, 0.57355696, 0.819165647, -0.99999994, -2.07424164e-05, -1.07884407e-05, 1.07884407e-05, -0.819165647, 0.573557019),
	Vector3.new(45.1864967, 8289.31738, -32.5351486, 4.76837158e-05, 0.996190667, -0.0872024298, -1, 4.76837158e-05, -2.08243728e-06, 2.08243728e-06, 0.0872024298, 0.996190608),
    Vector3.new(29.1502953, 8230.61719, 183.003876, -2.05039978e-05, -0.499938965, 0.866060615, -1, 2.05039978e-05, -1.18613243e-05, -1.18613243e-05, -0.866060615, -0.499938965),
	Vector3.new(-14.3601589, 8819.86621, -120.564476, 0.469896317, -0.671024799, -0.573518157, -0.819144368, -0.573587418, -3.7625432e-05, -0.328937531, 0.469811857, -0.819192886),
	Vector3.new(45.1864967, 4802.06885, -32.5351486, 4.76837158e-05, 0.996190667, -0.0872024298, -1, 4.76837158e-05, -2.08243728e-06, 2.08243728e-06, 0.0872024298, 0.996190608),
    Vector3.new(91.6617279, 4538.1001, -29.621706, 0.163124382, 0.925427914, -0.34201467, -0.98481667, 0.173598707, 1.5899539e-05, 0.0593880564, 0.336819112, 0.939694643),
	Vector3.new(-14.3601589, 3912.42017, -120.564476, 0.469896317, -0.671024799, -0.573518157, -0.819144368, -0.573587418, -3.7625432e-05, -0.328937531, 0.469811857, -0.819192886),
	Vector3.new(89.5659943, 815.969543, 223.945847, -0.482999325, -0.836496592, 0.258814961, -0.86600399, 0.500037193, 4.09781933e-07, -0.129417449, -0.224134564, -0.965926886),
    Vector3.new(256.783051, 407.767334, 270.296722, 1.02519989e-05, 0.93968749, 0.34203434, -1, 1.02519989e-05, 1.81794167e-06, -1.81794167e-06, -0.34203434, 0.939687431),
	Vector3.new(352.896667, 2047.43884, 49.402298, -8.22544098e-06, -0.642762423, -0.766065776, -1.00000012, 7.9870224e-06, 3.75509262e-06, 3.75509262e-06, 0.766065776, -0.642762542),
	Vector3.new(16.2567425, 2036.86804, 194.342621, -1.03712082e-05, 0.93968749, -0.34203434, -1, -1.03712082e-05, 1.81794167e-06, -1.81794167e-06, 0.34203434, 0.939687431),
    Vector3.new(29.1502953, 3323.16943, 183.003876, -2.05039978e-05, -0.499938965, 0.866060615, -1, 2.05039978e-05, -1.18613243e-05, -1.18613243e-05, -0.866060615, -0.499938965),
	Vector3.new(298.724518, 1185.06689, 54.8233528, 6.37769699e-06, -0.173615277, 0.984813631, -1, -6.43730164e-06, 5.42402267e-06, 5.42402267e-06, -0.984813631, -0.173615336),
	Vector3.new(42.6795883, 3171.56836, -63.5291214, -2.07424164e-05, 0.57355696, 0.819165647, -0.99999994, -2.07424164e-05, -1.07884407e-05, 1.07884407e-05, -0.819165647, 0.573557019)
}

-- Toggle teleporting on key press
UserInputService.InputBegan:Connect(function(input, gameProcessed)
	if gameProcessed then return end
	if input.KeyCode == toggleKey then
		teleporting = not teleporting

		local character = player.Character or player.CharacterAdded:Wait()
		local hrp = character:WaitForChild("HumanoidRootPart")

		if teleporting then
			originalPosition = hrp.Position
		else
			if hrp and originalPosition then
				hrp.CFrame = CFrame.new(originalPosition)
			end
			teleportIndex = 1 -- Reset index for clean restart
		end
	end
end)

-- Teleport loop cycling through 5 locations
task.spawn(function()
	while true do
		task.wait(0) -- Speed of teleportation (0.1s = 10 teleports/second)
		if teleporting then
			local character = player.Character or player.CharacterAdded:Wait()
			local hrp = character:FindFirstChild("HumanoidRootPart")
			if hrp then
				local targetPosition = teleportLocations[teleportIndex]
				hrp.CFrame = CFrame.new(targetPosition)

				-- Move to next location, loop back to 1
				teleportIndex += 1
				if teleportIndex > #teleportLocations then
					teleportIndex = 1
				end
			end
		end
	end
end)
